kinematics:
  shoulder:
    x: 0
    y: 0
    z: 0.1626605874936507
    roll: -0
    pitch: 0
    yaw: -1.021252274917403e-07
  upper_arm:
    x: 0.0001643793328830229
    y: 0
    z: 0
    roll: 1.569957667224424
    pitch: 0
    yaw: 3.469608560532899e-06
  forearm:
    x: -0.425529125952723
    y: 0
    z: 0
    roll: 0.001133394490479371
    pitch: -0.0001997283542483365
    yaw: 9.442221778727887e-06
  wrist_1:
    x: -0.3928786657683259
    y: -0.0004406896927550776
    z: 0.133297324421819
    roll: 0.00330605350923175
    pitch: -0.002403740473391373
    yaw: -3.663899971318153e-06
  wrist_2:
    x: 2.58596016366247e-06
    y: -0.099759439452588
    z: 5.15195988182826e-05
    roll: 1.570279888505741
    pitch: 0
    yaw: 5.465721141277786e-07
  wrist_3:
    x: 9.054513930865212e-05
    y: 0.09961577983068166
    z: 0.0001374147974673603
    roll: 1.572175774012394
    pitch: 3.141592653589793
    yaw: 3.141592531269271
  hash: calib_2352170732289436077